# kanagawa-wave dircolors

COLOR tty
OPTIONS -F -T 0

TERM alacritty
TERM tmux
TERM tmux-256color
TERM screen
TERM screen-256color
TERM xterm
TERM xterm-256color
TERM rxvt-256color

EIGHTBIT 1

NORMAL 00
FILE   00
RESET  0

# Directories — #76946a autumnGreen
DIR    01;38;2;118;148;106

# Symlinks — #6a9589 waveAqua1
LINK   01;38;2;106;149;137

# Executables — #98bb6c springGreen
EXEC   01;38;2;152;187;108

# Special files
FIFO   40;38;2;192;163;110
SOCK   01;38;2;149;127;184
DOOR   01;38;2;149;127;184
BLK    01;48;5;232;38;2;192;163;110
CHR    01;48;5;232;38;2;192;163;110
ORPHAN 01;48;5;232;38;2;195;64;67
MISSING 01;05;48;5;232;38;2;220;215;186
SETUID 48;5;196;38;5;15
SETGID 48;5;11;38;5;16
STICKY_OTHER_WRITABLE 48;5;10;38;5;16
OTHER_WRITABLE 48;5;10;38;5;21
STICKY 48;5;21;38;5;15

# Archives — #c34043 autumnRed
.tar  01;38;2;195;64;67
.tgz  01;38;2;195;64;67
.zip  01;38;2;195;64;67
.gz   01;38;2;195;64;67
.bz2  01;38;2;195;64;67
.xz   01;38;2;195;64;67
.7z   01;38;2;195;64;67
.rar  01;38;2;195;64;67
.zst  01;38;2;195;64;67

# Images — #957fb8 oniViolet
.jpg  01;38;2;149;127;184
.jpeg 01;38;2;149;127;184
.png  01;38;2;149;127;184
.gif  01;38;2;149;127;184
.bmp  01;38;2;149;127;184
.svg  01;38;2;149;127;184
.tif  01;38;2;149;127;184
.tiff 01;38;2;149;127;184
.webp 01;38;2;149;127;184
.xcf  01;38;2;149;127;184

# Video — #957fb8 oniViolet
.mp4  01;38;2;149;127;184
.mkv  01;38;2;149;127;184
.mov  01;38;2;149;127;184
.avi  01;38;2;149;127;184
.webm 01;38;2;149;127;184

# Audio — #6a9589 waveAqua1
.mp3  00;38;2;106;149;137
.flac 00;38;2;106;149;137
.ogg  00;38;2;106;149;137
.wav  00;38;2;106;149;137
.aac  00;38;2;106;149;137
.opus 00;38;2;106;149;137

# Docs — #c0a36e boatYellow2
.pdf  00;38;2;192;163;110
.md   00;38;2;192;163;110
.txt  00;38;2;192;163;110
.rst  00;38;2;192;163;110

# Code — #7e9cd8 crystalBlue
.rs   00;38;2;126;156;216
.py   00;38;2;126;156;216
.go   00;38;2;126;156;216
.c    00;38;2;126;156;216
.h    00;38;2;126;156;216
.cpp  00;38;2;126;156;216
.js   00;38;2;126;156;216
.ts   00;38;2;126;156;216
.sh   00;38;2;126;156;216
.toml 00;38;2;126;156;216
.yaml 00;38;2;126;156;216
.json 00;38;2;126;156;216
.lua  00;38;2;126;156;216
